    atom_central  coord_X  coord_Y  coord_Z residu  exposition  surface_atom
0              N  -27.279    6.238  -12.314    GLY    1.190136     28.274334
1             CA  -26.249    6.028  -11.313    GLY    1.931736     40.715041
2              C  -25.582    4.677  -11.471    GLY    1.961455     40.715041
3              O  -25.731    4.023  -12.501    GLY    1.162588     24.630086
4              N  -24.853    4.248  -10.446    ILE    1.781765     28.274334
5             CA  -24.070    3.023  -10.550    ILE    2.278457     40.715041
6              C  -24.915    1.786  -10.840    ILE    2.199207     40.715041
7              O  -24.469    0.865  -11.529    ILE    1.498180     24.630086
8             CB  -23.208    2.791   -9.302    ILE    2.149675     40.715041
9            CG1  -22.249    1.620   -9.538    ILE    2.387427     40.715041
10           CG2  -24.090    2.579   -8.068    ILE    2.882744     40.715041
11           CD1  -21.209    1.479   -8.457    ILE    2.367614     40.715041
12             N  -26.137    1.755  -10.324    VAL    1.671694     28.274334
13            CA  -26.993    0.599  -10.563    VAL    2.288364     40.715041
14             C  -27.324    0.471  -12.049    VAL    2.070424     40.715041
15             O  -27.258   -0.617  -12.621    VAL    1.582079     24.630086
16            CB  -28.284    0.657   -9.740    VAL    2.100143     40.715041
17           CG1  -29.194   -0.497  -10.127    VAL    1.743515     40.715041
18           CG2  -27.956    0.613   -8.242    VAL    2.159581     40.715041
19             N  -27.669    1.596  -12.667    GLU    1.458433     28.274334
20            CA  -28.001    1.627  -14.086    GLU    2.070424     40.715041
21             C  -26.797    1.224  -14.927    GLU    2.199207     40.715041
22             O  -26.933    0.517  -15.924    GLU    1.582079     24.630086
23            CB  -28.474    3.027  -14.485    GLU    1.515669     40.715041
24            CG  -29.829    3.420  -13.908    GLU    1.277917     40.715041
25            CD  -29.832    3.535  -12.387    GLU    1.307636     40.715041
26           OE1  -28.868    4.094  -11.814    GLU    1.072697     24.630086
27           OE2  -30.812    3.071  -11.762    GLU    0.958835     24.630086
28             N  -25.615    1.664  -14.508    GLN    1.699212     28.274334
29            CA  -24.393    1.410  -15.266    GLN    2.367614     40.715041
30             C  -23.776    0.028  -15.056    GLN    2.635085     40.715041
31             O  -23.149   -0.511  -15.967    GLN    1.683955     24.630086
32            CB  -23.349    2.492  -14.974    GLN    2.010986     40.715041
33            CG  -23.818    3.887  -15.346    GLN    1.644452     40.715041
34            CD  -24.535    3.921  -16.693    GLN    1.168948     40.715041
35           OE1  -24.074    3.334  -17.674    GLN    0.629236     24.630086
36           NE2  -25.671    4.609  -16.741    GLN    0.956237     28.274334
37             N  -23.940   -0.551  -13.868    CYS    2.345875     28.274334
38            CA  -23.214   -1.776  -13.549    CYS    3.041245     40.715041
39             C  -24.114   -2.963  -13.225    CYS    3.348342     40.715041
40             O  -23.677   -4.107  -13.293    CYS    2.145394     24.630086
41            CB  -22.235   -1.524  -12.396    CYS    2.971901     40.715041
42            SG  -20.756   -0.602  -12.893    CYS    3.090777     40.715041
43             N  -25.359   -2.685  -12.860    CYS    2.552257     28.274334
44            CA  -26.307   -3.744  -12.520    CYS    2.724242     40.715041
45             C  -27.245   -4.032  -13.690    CYS    2.377521     40.715041
46             O  -27.307   -5.155  -14.190    CYS    1.414282     24.630086
47            CB  -27.119   -3.351  -11.286    CYS    2.278457     40.715041
48            SG  -28.355   -4.584  -10.791    CYS    1.505763     40.715041
49             N  -27.967   -3.001  -14.122    THR    1.623538     28.274334
50            CA  -28.901   -3.121  -15.236    THR    1.644452     40.715041
51             C  -28.147   -3.334  -16.542    THR    1.545388     40.715041
52             O  -28.647   -3.986  -17.454    THR    0.785047     24.630086
53            CB  -29.780   -1.868  -15.371    THR    1.555295     40.715041
54           OG1  -30.023   -1.303  -14.080    THR    1.162588     24.630086
55           CG2  -31.100   -2.218  -16.029    THR    0.990634     40.715041
56             N  -26.948   -2.769  -16.630    SER    1.437795     28.274334
57            CA  -26.064   -3.019  -17.765    SER    2.020893     40.715041
58             C  -24.699   -3.529  -17.309    SER    2.169488     40.715041
59             O  -24.419   -3.594  -16.111    SER    1.785831     24.630086
60            CB  -25.910   -1.765  -18.626    SER    1.793047     40.715041
61            OG  -25.465   -0.670  -17.851    SER    1.444246     24.630086
62             N  -23.849   -3.891  -18.261    ILE    1.609780     28.274334
63            CA  -22.562   -4.492  -17.924    ILE    2.139769     40.715041
64             C  -21.591   -3.454  -17.367    ILE    2.209113     40.715041
65             O  -21.420   -2.380  -17.934    ILE    1.378326     24.630086
66            CB  -21.942   -5.216  -19.128    ILE    1.703890     40.715041
67           CG1  -22.880   -6.328  -19.595    ILE    1.357168     40.715041
68           CG2  -20.577   -5.790  -18.770    ILE    1.505763     40.715041
69           CD1  -22.302   -7.179  -20.689    ILE    1.218479     40.715041
70             N  -20.972   -3.790  -16.240    CYS    1.960629     28.274334
71            CA  -20.088   -2.876  -15.534    CYS    2.565741     40.715041
72             C  -18.752   -2.779  -16.258    CYS    2.436959     40.715041
73             O  -18.491   -3.524  -17.204    CYS    1.354355     24.630086
74            CB  -19.867   -3.387  -14.106    CYS    2.833212     40.715041
75            SG  -19.406   -2.114  -12.908    CYS    2.704430     40.715041
76             N  -17.902   -1.865  -15.807    SER    2.091338     28.274334
77            CA  -16.554   -1.767  -16.349    SER    2.476584     40.715041
78             C  -15.634   -1.220  -15.281    SER    2.308176     40.715041
79             O  -16.076   -0.508  -14.375    SER    1.552115     24.630086
80            CB  -16.530   -0.845  -17.559    SER    2.010986     40.715041
81            OG  -16.681    0.502  -17.157    SER    1.144610     24.630086
82             N  -14.346   -1.528  -15.392    LEU    1.768006     28.274334
83            CA  -13.378   -1.013  -14.426    LEU    2.199207     40.715041
84             C  -13.412    0.508  -14.438    LEU    1.802953     40.715041
85             O  -13.329    1.158  -13.393    LEU    1.432260     24.630086
86            CB  -11.971   -1.517  -14.751    LEU    1.753421     40.715041
87            CG  -10.860   -0.998  -13.840    LEU    1.565201     40.715041
88           CD1  -11.104   -1.386  -12.388    LEU    1.575107     40.715041
89           CD2   -9.522   -1.530  -14.308    LEU    0.941102     40.715041
90             N  -13.550    1.075  -15.632    TYR    1.231413     28.274334
91            CA  -13.559    2.521  -15.774    TYR    1.862391     40.715041
92             C  -14.638    3.140  -14.893    TYR    2.020893     40.715041
93             O  -14.391    4.094  -14.152    TYR    1.318399     24.630086
94            CB  -13.771    2.911  -17.239   ATYR    1.337355     40.715041
95            CB  -13.786    2.928  -17.233   BTYR    1.347262     40.715041
96            CG  -13.608    4.388  -17.494   ATYR    0.960915     40.715041
97            CG  -13.829    4.427  -17.427   BTYR    1.099603     40.715041
98       CD1ATYR    4.893  -18.059    0.500      A    0.000000     40.715041
99       CD1BTYR    5.121  -17.879    0.500      A    0.000000     40.715041
100      CD2ATYR    5.282  -17.153    0.500      A    0.000000     40.715041
101      CD2BTYR    5.152  -17.138    0.500      A    0.000000     40.715041
102      CE1ATYR    6.252  -18.283    0.500      A    0.000000     40.715041
103      CE1BTYR    6.496  -18.047    0.500      A    0.000000     40.715041
104      CE2ATYR    6.636  -17.372    0.500      A    0.000000     40.715041
105      CE2BTYR    6.527  -17.300    0.500      A    0.000000     40.715041
106           CZ  -13.311    7.117  -17.938   ATYR    0.643912     40.715041
107           CZ  -13.902    7.193  -17.757   BTYR    0.683537     40.715041
108           OH  -13.179    8.469  -18.153   ATYR    0.293643     24.630086
109           OH  -13.938    8.561  -17.922   BTYR    0.365556     24.630086
110            N  -15.837    2.584  -14.969    GLN    1.417156     28.274334
111           CA  -16.962    3.129  -14.222    GLN    2.278457     40.715041
112            C  -16.837    2.882  -12.722    GLN    2.545928     40.715041
113            O  -17.121    3.764  -11.917    GLN    1.653991     24.630086
114           CB  -18.275    2.561  -14.758    GLN    2.526116     40.715041
115           CG  -18.527    2.905  -16.214    GLN    2.010986     40.715041
116           CD  -19.997    3.039  -16.527    GLN    1.753421     40.715041
117          OE1  -20.680    3.914  -15.987    GLN    0.964828     24.630086
118          NE2  -20.497    2.177  -17.410    GLN    1.231413     28.274334
119            N  -16.399    1.687  -12.346    LEU    1.919353     28.274334
120           CA  -16.236    1.380  -10.930    LEU    2.684617     40.715041
121            C  -15.301    2.382  -10.273    LEU    2.575647     40.715041
122            O  -15.565    2.868   -9.172    LEU    1.767853     24.630086
123           CB  -15.703   -0.037  -10.742    LEU    2.942182     40.715041
124           CG  -16.709   -1.151  -11.013    LEU    3.140308     40.715041
125          CD1  -16.007   -2.496  -11.058    LEU    2.942182     40.715041
126          CD2  -17.786   -1.124   -9.936    LEU    2.654898     40.715041
127            N  -14.199    2.703  -10.950    GLU    2.008785     28.274334
128           CA  -13.219    3.608  -10.365    GLU    2.427052     40.715041
129            C  -13.763    5.026  -10.180    GLU    1.951548     40.715041
130            O  -13.259    5.782   -9.351    GLU    1.348362     24.630086
131           CB  -11.910    3.598  -11.155    GLU    2.139769     40.715041
132           CG  -11.090    2.343  -10.898    GLU    2.100143     40.715041
133           CD   -9.623    2.514  -11.240    GLU    1.515669     40.715041
134          OE1   -9.301    3.347  -12.110    GLU    0.880930     24.630086
135          OE2   -8.792    1.805  -10.640    GLU    0.874937     24.630086
136            N  -14.799    5.374  -10.932    ASN    1.313965     28.274334
137           CA  -15.480    6.657  -10.735    ASN    1.693983     40.715041
138            C  -16.080    6.766   -9.334    ASN    1.723702     40.715041
139            O  -16.469    7.849   -8.890    ASN    1.252479     24.630086
140           CB  -16.587    6.839  -11.774    ASN    1.614733     40.715041
141           CG  -16.061    7.344  -13.113    ASN    1.812859     40.715041
142          OD1  -15.007    7.974  -13.180    ASN    0.988799     24.630086
143          ND2  -16.802    7.070  -14.180    ASN    1.417156     28.274334
144            N  -16.163    5.640   -8.638    TYR    1.554744     28.274334
145           CA  -16.803    5.618   -7.327    TYR    2.199207     40.715041
146            C  -15.822    5.394   -6.180    TYR    2.565741     40.715041
147            O  -16.223    5.337   -5.018    TYR    1.851751     24.630086
148           CB  -17.945    4.599   -7.298    TYR    2.734149     40.715041
149           CG  -19.068    4.966   -8.236    TYR    2.337895     40.715041
150          CD1  -19.115    4.453   -9.521    TYR    2.110050     40.715041
151          CD2  -20.066    5.848   -7.844    TYR    2.030799     40.715041
152          CE1  -20.126    4.796  -10.385    TYR    2.199207     40.715041
153          CE2  -21.082    6.200   -8.708    TYR    1.902017     40.715041
154           CZ  -21.104    5.672   -9.979    TYR    1.763328     40.715041
155           OH  -22.114    6.009  -10.853    TYR    1.048726     24.630086
156            N  -14.534    5.281   -6.499    CYS    1.933111     28.274334
157           CA  -13.510    5.251   -5.459    CYS    2.793587     40.715041
158            C  -13.334    6.645   -4.882    CYS    2.407240     40.715041
159            O  -13.526    7.639   -5.585    CYS    1.324392     24.630086
160           CB  -12.169    4.783   -6.021    CYS    2.654898     40.715041
161           SG  -12.209    3.187   -6.829    CYS    2.823306     40.715041
162            N  -12.955    6.716   -3.609    ASN    1.520347     28.274334
163           CA  -12.630    7.993   -2.976    ASN    1.476044     40.715041
164            C  -11.279    8.511   -3.448    ASN    1.109510     40.715041
165            O  -10.515    7.790   -4.091    ASN    0.916886     24.630086
166           CB  -12.615    7.863   -1.450    ASN    1.347262     40.715041
167           CG  -13.978    7.548   -0.878    ASN    1.416606     40.715041
168          OD1  -14.107    6.726    0.029    ASN    1.024755     24.630086
169          ND2  -15.008    8.198   -1.408    ASN    1.307086     28.274334
170          OXT  -10.922    9.659   -3.189    ASN    0.587287     24.630086
171            N  -13.174   -9.740  -13.251    PHE    0.804890     28.274334
172           CA  -14.387   -9.892  -12.452    PHE    1.059978     40.715041
173            C  -15.310   -8.684  -12.590    PHE    1.357168     40.715041
174            O  -16.451   -8.715  -12.133    PHE    1.126632     24.630086
175           CB  -14.042  -10.126  -10.973    PHE    0.752882     40.715041
176           CG  -13.222   -9.024  -10.356    PHE    0.703350     40.715041
177          CD1  -13.816   -8.050   -9.571    PHE    1.396793     40.715041
178          CD2  -11.854   -8.964  -10.565    PHE    0.604286     40.715041
179          CE1  -13.059   -7.037   -9.008    PHE    1.703890     40.715041
180          CE2  -11.093   -7.959  -10.002    PHE    1.069884     40.715041
181           CZ  -11.696   -6.993   -9.224    PHE    1.654358     40.715041
182            N  -14.819   -7.623  -13.228    VAL    1.155739     28.274334
183           CA  -15.568   -6.367  -13.273    VAL    2.436959     40.715041
184            C  -16.402   -6.197  -14.541    VAL    2.070424     40.715041
185            O  -17.249   -5.306  -14.628    VAL    1.636013     24.630086
186           CB  -14.633   -5.163  -13.114    VAL    2.595460     40.715041
187          CG1  -14.056   -5.139  -11.705    VAL    2.129862     40.715041
188          CG2  -13.519   -5.227  -14.141    VAL    1.981267     40.715041
189            N  -16.158   -7.045  -15.528    ASN    1.300207     28.274334
190           CA  -16.844   -6.904  -16.806    ASN    1.703890     40.715041
191            C  -18.072   -7.800  -16.928    ASN    1.753421     40.715041
192            O  -18.115   -8.720  -17.743    ASN    1.048726     24.630086
193           CB  -15.854   -7.122  -17.946    ASN    1.238292     40.715041
194           CG  -14.703   -6.139  -17.888    ASN    1.218479     40.715041
195          OD1  -13.561   -6.507  -17.600    ASN    0.779054     24.630086
196          ND2  -15.009   -4.871  -18.113    ASN    1.045669     28.274334
197            N  -19.073   -7.514  -16.099    GLN    1.857438     28.274334
198           CA  -20.313   -8.287  -16.082    GLN    2.308176     40.715041
199            C  -21.397   -7.521  -15.328    GLN    2.298270     40.715041
200            O  -21.154   -6.432  -14.812    GLN    1.851751     24.630086
201           CB  -20.079   -9.648  -15.425    GLN    1.545388     40.715041
202           CG  -19.608   -9.556  -13.987    GLN    1.287824     40.715041
203           CD  -19.344  -10.918  -13.379    GLN    1.485950     40.715041
204          OE1  -20.210  -11.794  -13.390    GLN    0.755083     24.630086
205          NE2  -18.144  -11.105  -12.840    GLN    1.086945     28.274334
206            N  -22.599   -8.080  -15.281    HIS    1.761126     28.274334
207           CA  -23.666   -7.471  -14.503    HIS    2.367614     40.715041
208            C  -23.358   -7.685  -13.035    HIS    2.110050     40.715041
209            O  -23.193   -8.822  -12.595    HIS    1.216523     24.630086
210           CB  -25.013   -8.109  -14.834    HIS    2.080331     40.715041
211           CG  -25.462   -7.871  -16.239    HIS    1.753421     40.715041
212          ND1  -26.235   -6.787  -16.598    HIS    1.382759     28.274334
213          CD2  -25.241   -8.570  -17.377    HIS    1.376981     40.715041
214          CE1  -26.478   -6.833  -17.896    HIS    1.337355     40.715041
215          NE2  -25.885   -7.905  -18.393    HIS    0.990634     28.274334
216            N  -23.267   -6.592  -12.287    LEU    1.967508     28.274334
217           CA  -22.974   -6.660  -10.862    LEU    2.466678     40.715041
218            C  -24.052   -5.932  -10.079    LEU    2.139769     40.715041
219            O  -24.197   -4.715  -10.194    LEU    1.636013     24.630086
220           CB  -21.612   -6.034  -10.568    LEU    2.684617     40.715041
221           CG  -20.418   -6.665  -11.281    LEU    2.932275     40.715041
222          CD1  -19.190   -5.786  -11.103    LEU    3.358248     40.715041
223          CD2  -20.155   -8.064  -10.763    LEU    2.367614     40.715041
224            N  -24.800   -6.679   -9.273    CYS    1.774885     28.274334
225           CA  -25.899   -6.104   -8.513    CYS    1.911923     40.715041
226            C  -25.754   -6.421   -7.034    CYS    1.753421     40.715041
227            O  -25.231   -7.471   -6.665    CYS    1.132624     24.630086
228           CB  -27.236   -6.664   -9.009    CYS    1.456231     40.715041
229           SG  -27.554   -6.459  -10.788    CYS    1.297730     40.715041
230            N  -26.229   -5.514   -6.191    GLY    1.341483     28.274334
231           CA  -26.233   -5.745   -4.759    GLY    1.624639     40.715041
232            C  -24.859   -6.051   -4.209    GLY    1.693983     40.715041
233            O  -23.911   -5.316   -4.465    GLY    1.330384     24.630086
234            N  -24.741   -7.136   -3.447    SER    1.066307     28.274334
235           CA  -23.484   -7.444   -2.778    SER    1.505763     40.715041
236            C  -22.360   -7.702   -3.780    SER    1.693983     40.715041
237            O  -21.183   -7.509   -3.473    SER    1.240493     24.630086
238           CB  -23.648   -8.663   -1.863    SER    1.218479     40.715041
239           OG  -23.919   -9.813   -2.638    SER    0.677178     24.630086
240            N  -22.730   -8.151   -4.972    HIS    1.334604     28.274334
241           CA  -21.764   -8.403   -6.039    HIS    2.179394     40.715041
242            C  -21.093   -7.097   -6.470    HIS    2.674711     40.715041
243            O  -19.891   -7.055   -6.725    HIS    1.743882     24.630086
244           CB  -22.471   -9.047   -7.236    HIS    1.882204     40.715041
245           CG  -23.081  -10.384   -6.933    HIS    1.485950     40.715041
246          ND1  -23.461  -11.269   -7.919    HIS    0.990634     28.274334
247          CD2  -23.366  -10.990   -5.755    HIS    1.040165     40.715041
248          CE1  -23.951  -12.364   -7.363    HIS    0.594380     40.715041
249          NE2  -23.906  -12.220   -6.050    HIS    0.557231     28.274334
250            N  -21.886   -6.037   -6.550    LEU    1.884956     28.274334
251           CA  -21.398   -4.713   -6.938    LEU    2.734149     40.715041
252            C  -20.523   -4.120   -5.847    LEU    2.417146     40.715041
253            O  -19.446   -3.585   -6.105    LEU    1.630020     24.630086
254           CB  -22.588   -3.788   -7.211    LEU    2.813399     40.715041
255           CG  -22.268   -2.390   -7.735    LEU    3.061058     40.715041
256          CD1  -21.211   -2.486   -8.812    LEU    2.843118     40.715041
257          CD2  -23.529   -1.754   -8.277    LEU    2.952088     40.715041
258            N  -20.990   -4.218   -4.610    VAL    1.905594     28.274334
259           CA  -20.242   -3.690   -3.490    VAL    2.496397     40.715041
260            C  -18.902   -4.422   -3.332    VAL    2.219019     40.715041
261            O  -17.879   -3.825   -2.988    VAL    1.474210     24.630086
262           CB  -21.096   -3.776   -2.212    VAL    2.387427     40.715041
263          CG1  -20.252   -3.609   -1.029    VAL    1.783140     40.715041
264          CG2  -22.169   -2.694   -2.241    VAL    2.001080     40.715041
265            N  -18.912   -5.721   -3.589    GLU    1.596021     28.274334
266           CA  -17.695   -6.515   -3.515    GLU    2.119956     40.715041
267            C  -16.682   -6.056   -4.574    GLU    2.209113     40.715041
268            O  -15.481   -5.936   -4.304    GLU    1.426268     24.630086
269           CB  -18.046   -7.986   -3.712    GLU    1.812859     40.715041
270           CG  -16.884   -8.875   -4.073    GLU    1.525576     40.715041
271           CD  -17.296  -10.336   -4.139    GLU    1.099603     40.715041
272          OE1  -17.726  -10.873   -3.092    GLU    0.581294     24.630086
273          OE2  -17.204  -10.932   -5.236    GLU    0.767068     24.630086
274            N  -17.166   -5.811   -5.782    ALA    1.953750     28.274334
275           CA  -16.298   -5.308   -6.856    ALA    2.882744     40.715041
276            C  -15.701   -3.941   -6.523    ALA    2.674711     40.715041
277            O  -14.507   -3.704   -6.731    ALA    1.719911     24.630086
278           CB  -17.065   -5.240   -8.157    ALA    2.952088     40.715041
279            N  -16.536   -3.036   -6.021    LEU    2.077579     28.274334
280           CA  -16.066   -1.724   -5.592    LEU    2.753961     40.715041
281            C  -14.977   -1.846   -4.540    LEU    2.516209     40.715041
282            O  -13.957   -1.159   -4.594    LEU    1.857744     24.630086
283           CB  -17.228   -0.890   -5.054    LEU    2.744055     40.715041
284           CG  -18.132   -0.253   -6.108    LEU    3.269091     40.715041
285          CD1  -19.434    0.217   -5.476    LEU    3.249278     40.715041
286          CD2  -17.420    0.908   -6.806    LEU    3.070964     40.715041
287            N  -15.196   -2.733   -3.580    TYR    1.946870     28.274334
288           CA  -14.214   -2.982   -2.528    TYR    2.347802     40.715041
289            C  -12.884   -3.467   -3.093    TYR    2.100143     40.715041
290            O  -11.823   -2.978   -2.708    TYR    1.516159     24.630086
291           CB  -14.766   -4.015   -1.551    TYR    1.951548     40.715041
292           CG  -13.748   -4.582   -0.595    TYR    1.476044     40.715041
293          CD1  -13.213   -3.811    0.431    TYR    1.059978     40.715041
294          CD2  -13.338   -5.909   -0.707    TYR    1.139229     40.715041
295          CE1  -12.290   -4.347    1.318    TYR    0.643912     40.715041
296          CE2  -12.419   -6.445    0.163    TYR    0.772694     40.715041
297           CZ  -11.899   -5.665    1.173    TYR    0.564661     40.715041
298           OH  -10.991   -6.225    2.037    TYR    0.203753     24.630086
299            N  -12.941   -4.437   -4.002    LEU    1.534106     28.274334
300           CA  -11.725   -4.998   -4.583    LEU    1.941642     40.715041
301            C  -10.983   -3.979   -5.439    LEU    1.783140     40.715041
302            O   -9.751   -3.889   -5.407    LEU    1.072697     24.630086
303           CB  -12.060   -6.221   -5.428    LEU    1.882204     40.715041
304           CG  -12.491   -7.468   -4.651    LEU    1.961455     40.715041
305          CD1  -12.867   -8.590   -5.593    LEU    1.753421     40.715041
306          CD2  -11.383   -7.898   -3.717    LEU    1.376981     40.715041
307            N  -11.738   -3.226   -6.224    VAL    1.375880     28.274334
308           CA  -11.150   -2.270   -7.151    VAL    1.852485     40.715041
309            C  -10.557   -1.063   -6.431    VAL    1.515669     40.715041
310            O   -9.454   -0.628   -6.747    VAL    1.084683     24.630086
311           CB  -12.188   -1.824   -8.207    VAL    2.734149     40.715041
312          CG1  -11.714   -0.594   -8.955    VAL    2.476584     40.715041
313          CG2  -12.468   -2.973   -9.165    VAL    2.526116     40.715041
314            N  -11.268   -0.548   -5.433    CYS    1.485950     28.274334
315           CA  -10.874    0.709   -4.803    CYS    2.555835     40.715041
316            C   -9.819    0.588   -3.702    CYS    2.159581     40.715041
317            O   -9.167    1.576   -3.355    CYS    1.198544     24.630086
318           CB  -12.102    1.455   -4.285    CYS    3.051151     40.715041
319           SG  -13.231    1.932   -5.593    CYS    3.635625     40.715041
320            N   -9.653   -0.608   -3.150    GLY    1.602900     28.274334
321           CA   -8.606   -0.825   -2.167    GLY    1.703890     40.715041
322            C   -8.661    0.162   -1.014    GLY    1.347262     40.715041
323            O   -9.737    0.464   -0.501    GLY    0.988799     24.630086
324            N   -7.507    0.678   -0.599    GLU    0.777372     28.274334
325           CA   -7.474    1.534    0.591    GLU    0.842039     40.715041
326            C   -8.014    2.944    0.351    GLU    0.832132     40.715041
327            O   -8.123    3.737    1.283    GLU    0.617250     24.630086
328           CB   -6.075    1.569    1.220    GLU    0.574567     40.715041
329           CG   -5.015    2.280    0.401    GLU    0.624099     40.715041
330           CD   -3.631    2.179    1.034    GLU    0.396253     40.715041
331          OE1   -2.707    2.876    0.563    GLU    0.251694     24.630086
332          OE2   -3.470    1.401    2.002    GLU    0.245702     24.630086
333            N   -8.356    3.251   -0.897    ARG    0.853046     28.274334
334           CA   -9.040    4.498   -1.213    ARG    1.624639     40.715041
335            C  -10.456    4.461   -0.645    ARG    1.763328     40.715041
336            O  -11.008    5.480   -0.235    ARG    1.042734     24.630086
337           CB   -9.130    4.700   -2.726    ARG    1.852485     40.715041
338           CG   -7.876    5.228   -3.400    ARG    1.733609     40.715041
339           CD   -8.072    5.288   -4.922    ARG    1.436419     40.715041
340           NE   -8.003    3.963   -5.546    ARG    1.252051     28.274334
341           CZ   -8.246    3.711   -6.833    ARG    1.505763     40.715041
342          NH1   -8.151    2.467   -7.288    ARG    1.052548     28.274334
343          NH2   -8.588    4.690   -7.664    ARG    1.121342     28.274334
344            N  -11.048    3.276   -0.627    GLY    1.492830     28.274334
345           CA  -12.442    3.151   -0.243    GLY    2.139769     40.715041
346            C  -13.323    3.633   -1.376    GLY    2.228926     40.715041
347            O  -12.832    3.954   -2.460    GLY    1.630020     24.630086
348            N  -14.625    3.700   -1.132    PHE    1.575383     28.274334
349           CA  -15.558    4.055   -2.188    PHE    2.199207     40.715041
350            C  -16.875    4.561   -1.614    PHE    1.753421     40.715041
351            O  -17.092    4.530   -0.402    PHE    1.120639     24.630086
352           CB  -15.811    2.837   -3.086    PHE    2.466678     40.715041
353           CG  -16.428    1.661   -2.361    PHE    2.030799     40.715041
354          CD1  -15.628    0.691   -1.776    PHE    2.040705     40.715041
355          CD2  -17.811    1.527   -2.269    PHE    1.862391     40.715041
356          CE1  -16.189   -0.390   -1.107    PHE    1.971361     40.715041
357          CE2  -18.378    0.446   -1.597    PHE    2.159581     40.715041
358           CZ  -17.562   -0.513   -1.015    PHE    2.119956     40.715041
359            N  -17.742    5.048   -2.487    PHE    1.589141     28.274334
360           CA  -19.108    5.343   -2.088    PHE    1.812859     40.715041
361            C  -20.081    4.558   -2.948    PHE    1.991174     40.715041
362            O  -19.912    4.448   -4.158    PHE    1.743882     24.630086
363           CB  -19.410    6.848   -2.118    PHE    1.456231     40.715041
364           CG  -19.035    7.523   -3.399    PHE    1.614733     40.715041
365          CD1  -17.729    7.929   -3.625    PHE    1.703890     40.715041
366          CD2  -19.989    7.772   -4.374    PHE    1.367074     40.715041
367          CE1  -17.376    8.562   -4.808    PHE    1.674171     40.715041
368          CE2  -19.645    8.407   -5.560    PHE    1.446325     40.715041
369           CZ  -18.336    8.802   -5.778    PHE    1.426512     40.715041
370            N  -21.090    3.991   -2.301    TYR    1.382759     28.274334
371           CA  -22.087    3.184   -2.976    TYR    1.981267     40.715041
372            C  -23.429    3.866   -2.826    TYR    1.178854     40.715041
373            O  -23.966    3.954   -1.726    TYR    0.838981     24.630086
374           CB  -22.136    1.795   -2.350    TYR    1.723702     40.715041
375           CG  -23.255    0.930   -2.876    TYR    1.684077     40.715041
376          CD1  -24.280    0.506   -2.042    TYR    1.020353     40.715041
377          CD2  -23.285    0.533   -4.203    TYR    2.199207     40.715041
378          CE1  -25.304   -0.295   -2.516    TYR    1.178854     40.715041
379          CE2  -24.304   -0.265   -4.690    TYR    2.209113     40.715041
380           CZ  -25.313   -0.675   -3.842    TYR    1.763328     40.715041
381           OH  -26.328   -1.469   -4.320    TYR    1.150603     24.630086
382            N  -23.960    4.365   -3.936    THR    1.265810     28.274334
383           CA  -25.185    5.147   -3.909    THR    1.822766     40.715041
384            C  -26.169    4.594   -4.936    THR    1.733609     40.715041
385            O  -26.193    5.035   -6.082    THR    1.456231     24.630086
386           CB  -24.889    6.637   -4.188    THR    1.654358     40.715041
387          OG1  -24.271    6.772   -5.473    THR    1.480202     24.630086
388          CG2  -23.936    7.182   -3.151    THR    1.317543     40.715041
389            N  -26.989    3.620   -4.517    PRO    1.451553     28.274334
390           CA  -27.893    2.887   -5.411    PRO    2.030799     40.715041
391            C  -29.081    3.726   -5.872    PRO    1.396793     40.715041
392            O  -29.671    3.417   -6.908    PRO    1.228508     24.630086
393           CB  -28.401    1.730   -4.542    PRO    1.535482     40.715041
394           CG  -27.658    1.813   -3.247    PRO    1.208573     40.715041
395           CD  -27.128    3.190   -3.118    PRO    1.416606     40.715041
396            N  -29.436    4.751   -5.105    LYS    0.667302     28.274334
397           CA  -30.532    5.642   -5.483    LYS    0.752882     40.715041
398            C  -30.051    6.834   -6.309    LYS    0.851945     40.715041
399            O  -30.669    7.191   -7.315    LYS    0.653207     24.630086
400           CB  -31.305    6.122   -4.251    LYS    0.891570     40.715041
401           CG  -32.706    5.526   -4.105    LYS    0.544848     40.715041
402           CD  -32.690    4.118   -3.525    LYS    0.594380     40.715041
403           CE  -32.356    3.061   -4.572    LYS    0.614193     40.715041
404           NZ  -33.458    2.854   -5.553    LYS    0.433402     28.274334
405            N  -28.950    7.446   -5.884    ALA    0.694819     28.274334
406           CA  -28.366    8.568   -6.616    ALA    0.891570     40.715041
407            C  -27.782    8.115   -7.955    ALA    1.208573     40.715041
408            O  -27.485    8.928   -8.831    ALA    0.611258     24.630086
409           CB  -27.302    9.269   -5.772    ALA    0.782601     40.715041
410          OXT  -27.594    6.921   -8.197    ALA    1.036741     24.630086
None
