    atom_central  coord_X  coord_Y  coord_Z residu  exposition  surface_atom
0              N  -17.299   -8.127    9.442   AMET    0.298219     28.274334
1              N  -17.275   -8.205    9.762   BMET    0.275633     28.274334
2             CA  -15.929   -8.721    9.469   AMET    0.672160     40.715041
3             CA  -15.912   -8.737    9.459   BMET    0.675773     40.715041
4              C  -14.899   -7.646    9.817   AMET    0.976920     40.715041
5              C  -14.853   -7.668    9.700   BMET    1.013058     40.715041
6              O  -15.171   -6.449    9.696   AMET    0.652187     24.630086
7              O  -15.051   -6.498    9.368   BMET    0.695909     24.630086
8             CB  -15.600   -9.373    8.123   AMET    0.796232     40.715041
9             CB  -15.831   -9.226    8.012   BMET    0.743832     40.715041
10            CG  -16.584  -10.467    7.709   AMET    0.646261     40.715041
11            CG  -16.877  -10.269    7.653   BMET    0.549894     40.715041
12            SD  -16.297  -11.150    6.062   AMET    0.723354     40.715041
13            SD  -16.491  -11.910    8.293   BMET    0.803460     40.715041
14            CE  -14.963  -12.295    6.386   AMET    0.896213     40.715041
15            CE  -15.316  -12.468    7.066   BMET    1.019081     40.715041
16             N  -13.727   -8.073   10.277    LEU    0.933137     28.274334
17            CA  -12.592   -7.172   10.486    LEU    1.326250     40.715041
18             C  -11.744   -7.155    9.223    LEU    1.456346     40.715041
19             O  -11.294   -8.199    8.761    LEU    1.191061     24.630086
20            CB  -11.760   -7.637   11.682    LEU    1.690638     40.715041
21            CG  -10.495   -6.823   11.974    LEU    1.917703     40.715041
22           CD1  -10.810   -5.371   12.305    LEU    1.620772     40.715041
23           CD2   -9.722   -7.474   13.113    LEU    1.847836     40.715041
24             N  -11.530   -5.978    8.646   AGLN    1.221317     28.274334
25             N  -11.533   -5.948    8.701   BGLN    1.213789     28.274334
26            CA  -10.678   -5.862    7.463   AGLN    1.790619     40.715041
27            CA  -10.628   -5.699    7.588   BGLN    1.758095     40.715041
28             C   -9.310   -5.340    7.897   AGLN    1.720753     40.715041
29             C   -9.243   -5.407    8.109   BGLN    1.723764     40.715041
30             O   -9.233   -4.314    8.569   AGLN    1.098516     24.630086
31             O   -9.069   -4.587    9.020   BGLN    1.153169     24.630086
32            CB  -11.332   -4.942    6.417   AGLN    1.553917     40.715041
33            CB  -11.088   -4.482    6.790   BGLN    1.493086     40.715041
34            CG  -10.671   -5.007    5.038   AGLN    1.285294     40.715041
35            CG  -12.289   -4.734    5.928   BGLN    1.360581     40.715041
36            CD  -11.226   -4.018    4.017   AGLN    1.279271     40.715041
37            CD  -12.526   -3.618    4.945   BGLN    1.194950     40.715041
38       OE1AGLN   -2.946    4.365    0.500      A    0.228812     24.630086
39       OE1BGLN   -2.486    5.160    0.500      A    0.191284     24.630086
40       NE2AGLN   -4.378    2.748    0.500      A    0.380198     28.274334
41       NE2BGLN   -3.924    3.861    0.500      A    0.281489     28.274334
42             N   -8.252   -6.058    7.518    CYS    1.525392     28.274334
43            CA   -6.871   -5.739    7.872    CYS    2.164643     40.715041
44             C   -6.037   -5.640    6.610    CYS    2.011660     40.715041
45             O   -6.359   -6.258    5.586    CYS    1.321863     24.630086
46            CB   -6.273   -6.858    8.738    CYS    2.026718     40.715041
47            SG   -7.097   -7.165   10.325    CYS    1.871928     40.715041
48             N   -4.930   -4.919    6.699    TYR    1.592732     28.274334
49            CA   -3.898   -5.097    5.699    TYR    2.043582     40.715041
50             C   -3.292   -6.479    5.901    TYR    1.891804     40.715041
51             O   -2.956   -6.869    7.026    TYR    1.208186     24.630086
52            CB   -2.826   -4.005    5.790    TYR    1.759902     40.715041
53            CG   -3.370   -2.639    5.437    TYR    1.803267     40.715041
54           CD1   -3.771   -2.353    4.121    TYR    1.431652     40.715041
55           CD2   -3.500   -1.634    6.393    TYR    1.524405     40.715041
56           CE1   -4.284   -1.115    3.787    TYR    1.385877     40.715041
57           CE2   -4.007   -0.392    6.053    TYR    1.283487     40.715041
58            CZ   -4.395   -0.140    4.753    TYR    1.311193     40.715041
59            OH   -4.906    1.086    4.397    TYR    0.677692     24.630086
60             N   -3.191   -7.247    4.822    ASN    1.499460     28.274334
61            CA   -2.700   -8.617    4.934    ASN    1.635829     40.715041
62             C   -1.885   -8.937    3.686    ASN    1.316011     40.715041
63             O   -2.436   -9.115    2.599    ASN    0.818331     24.630086
64            CB   -3.855   -9.609    5.125    ASN    1.492483     40.715041
65            CG   -3.364  -11.017    5.363    ASN    1.231690     40.715041
66           OD1   -2.966  -11.376    6.479    ASN    0.791369     24.630086
67           ND2   -3.346  -11.814    4.304    ASN    0.839447     28.274334
68             N   -0.567   -8.963    3.822    CYS    1.107969     28.274334
69            CA    0.325   -9.293    2.723    CYS    1.350342     40.715041
70             C    1.027  -10.607    3.086    CYS    1.004023     40.715041
71             O    1.494  -10.795    4.206    CYS    0.874441     24.630086
72            CB    1.338   -8.146    2.492    CYS    1.606919     40.715041
73            SG    0.641   -6.669    1.606    CYS    1.423822     40.715041
74             N    1.098  -11.551    2.137    PRO    0.638264     28.274334
75            CA    1.721  -12.840    2.483    PRO    0.662523     40.715041
76             C    3.225  -12.757    2.716    PRO    0.461959     40.715041
77             O    3.765  -13.574    3.442    PRO    0.422646     24.630086
78            CB    1.433  -13.722    1.264    PRO    0.486051     40.715041
79            CG    1.273  -12.778    0.169    PRO    0.508938     40.715041
80            CD    0.623  -11.534    0.752    PRO    0.728173     40.715041
81             N    3.873  -11.767    2.099    ASN    0.452975     28.274334
82            CA    5.310  -11.547    2.224    ASN    0.682399     40.715041
83             C    5.581  -10.161    2.848    ASN    0.969693     40.715041
84             O    4.764   -9.260    2.701    ASN    0.836184     24.630086
85            CB    5.990  -11.587    0.831    ASN    0.639033     40.715041
86            CG    5.432  -12.696   -0.127    ASN    0.529416     40.715041
87           OD1    5.071  -12.438   -1.301    ASN    0.382204     24.630086
88           ND2    5.408  -13.924    0.357    ASN    0.337117     28.274334
89             N    6.742   -9.964    3.496    PRO    0.853249     28.274334
90            CA    7.049   -8.596    3.948    PRO    1.219042     40.715041
91             C    7.098   -7.631    2.764    PRO    0.819721     40.715041
92             O    7.581   -7.984    1.678    PRO    0.397506     24.630086
93            CB    8.405   -8.727    4.651    PRO    1.082924     40.715041
94            CG    8.927  -10.079    4.292    PRO    0.910065     40.715041
95            CD    7.780  -10.939    3.873    PRO    0.818517     40.715041
96             N    6.593   -6.424    2.985    THR    0.834427     28.274334
97            CA    6.315   -5.480    1.911    THR    1.001614     40.715041
98             C    6.520   -4.092    2.509    THR    0.932350     40.715041
99             O    6.056   -3.842    3.620    THR    0.777159     24.630086
100           CB    4.825   -5.635    1.457    THR    1.011853     40.715041
101          OG1    4.576   -6.995    1.078    THR    0.747283     24.630086
102          CG2    4.491   -4.721    0.290    THR    0.789607     40.715041
103            N    7.190   -3.186    1.797    ALA    0.565068     28.274334
104           CA    7.486   -1.860    2.345    ALA    0.749253     40.715041
105            C    6.235   -1.083    2.740    ALA    0.707695     40.715041
106            O    6.240   -0.346    3.730    ALA    0.525029     24.630086
107           CB    8.322   -1.054    1.353    ALA    0.449311     40.715041
108            N    5.178   -1.202    1.950    ASP    0.432898     28.274334
109           CA    3.927   -0.536    2.285    ASP    0.731787     40.715041
110            C    2.742   -1.314    1.773    ASP    0.858871     40.715041
111            O    2.193   -1.045    0.708    ASP    0.584782     24.630086
112           CB    3.851    0.920    1.853    ASP    0.716729     40.715041
113           CG    2.774    1.662    2.625    ASP    0.766117     40.715041
114          OD1    2.840    1.661    3.879    ASP    0.573852     24.630086
115          OD2    1.853    2.196    1.995    ASP    0.586240     24.630086
116            N    2.333   -2.276    2.576    CYS    0.892566     28.274334
117           CA    1.248   -3.170    2.230    CYS    1.468392     40.715041
118            C   -0.050   -2.399    2.052    CYS    1.329262     40.715041
119            O   -0.460   -1.644    2.937    CYS    0.922535     24.630086
120           CB    1.096   -4.209    3.334    CYS    1.726775     40.715041
121           SG   -0.180   -5.445    3.040    CYS    1.507541     40.715041
122            N   -0.675   -2.565    0.889    LYS    0.805568     28.274334
123           CA   -1.939   -1.907    0.561    LYS    1.058832     40.715041
124            C   -3.065   -2.905    0.333    LYS    0.998603     40.715041
125            O   -4.177   -2.513   -0.021    LYS    0.701375     24.630086
126           CB   -1.779   -1.012   -0.674    LYS    0.845620     40.715041
127           CG   -1.122    0.316   -0.355   ALYS    0.708899     40.715041
128           CG   -0.799    0.136   -0.504   BLYS    0.714922     40.715041
129           CD   -0.801    1.102   -1.610   ALYS    0.632408     40.715041
130           CD   -1.385    1.261    0.343   BLYS    0.697456     40.715041
131           CE    0.395    0.515   -2.341   ALYS    0.661921     40.715041
132           CE   -2.380    2.109   -0.437   BLYS    0.533030     40.715041
133           NZ    0.686    1.215   -3.619   ALYS    0.301147     28.274334
134           NZ   -2.808    3.336    0.309   BLYS    0.367650     28.274334
135            N   -2.762   -4.185    0.533    THR    0.837355     28.274334
136           CA   -3.712   -5.257    0.292    THR    1.063048     40.715041
137            C   -4.647   -5.385    1.488    THR    1.167245     40.715041
138            O   -4.261   -5.845    2.562    THR    0.962978     24.630086
139           CB   -2.985   -6.582    0.047    THR    1.007637     40.715041
140          OG1   -2.067   -6.418   -1.039    THR    0.551262     24.630086
141          CG2   -3.982   -7.684   -0.283    THR    0.883565     40.715041
142            N   -5.888   -4.963    1.288    ALA    0.849903     28.274334
143           CA   -6.933   -5.061    2.303    ALA    1.400935     40.715041
144            C   -7.704   -6.359    2.131    ALA    1.135323     40.715041
145            O   -8.132   -6.671    1.023    ALA    0.529401     24.630086
146           CB   -7.878   -3.885    2.167    ALA    1.325046     40.715041
147            N   -7.910   -7.105    3.208    VAL    1.130137     28.274334
148           CA   -8.676   -8.350    3.149    VAL    1.358172     40.715041
149            C   -9.655   -8.407    4.299    VAL    1.252770     40.715041
150            O   -9.410   -7.834    5.353    VAL    0.961521     24.630086
151           CB   -7.784   -9.592    3.256    VAL    1.253373     40.715041
152          CG1   -6.664   -9.554    2.238    VAL    0.952828     40.715041
153          CG2   -7.241   -9.729    4.656    VAL    1.444300     40.715041
154            N  -10.775   -9.088    4.097    ASN    0.938156     28.274334
155           CA  -11.675   -9.380    5.195    ASN    1.540064     40.715041
156            C  -11.150  -10.617    5.901    ASN    1.374434     40.715041
157            O  -11.155  -11.709    5.324    ASN    0.694816     24.630086
158           CB  -13.083   -9.666    4.683    ASN    1.309386     40.715041
159           CG  -13.738   -8.454    4.069    ASN    1.326853     40.715041
160          OD1  -13.388   -7.312    4.361    ASN    0.946947     24.630086
161          ND2  -14.729   -8.701    3.223    ASN    0.648720     28.274334
162            N  -10.682  -10.464    7.134    CYS    1.339685     28.274334
163           CA  -10.156  -11.612    7.866    CYS    1.562349     40.715041
164            C  -11.258  -12.606    8.189    CYS    1.425026     40.715041
165            O  -12.397  -12.233    8.434    CYS    1.004878     24.630086
166           CB   -9.471  -11.162    9.157    CYS    1.929146     40.715041
167           SG   -8.125   -9.938    8.910    CYS    2.212826     40.715041
168            N  -10.930  -13.884    8.214    SER    0.924771     28.274334
169           CA  -11.945  -14.832    8.656    SER    1.163029     40.715041
170            C  -12.190  -14.687   10.155    SER    1.078105     40.715041
171            O  -11.405  -14.048   10.875    SER    0.650365     24.630086
172           CB  -11.595  -16.267    8.278    SER    1.032933     40.715041
173           OG  -10.973  -16.932    9.354    SER    0.706111     24.630086
174            N  -13.292  -15.266   10.616    SER    0.745338     28.274334
175           CA  -13.680  -15.163   12.011    SER    0.882962     40.715041
176            C  -12.726  -15.900   12.955    SER    0.666739     40.715041
177            O  -12.845  -15.763   14.163    SER    0.519564     24.630086
178           CB  -15.121  -15.640   12.214    SER    0.690831     40.715041
179           OG  -15.244  -17.025   11.948    SER    0.381839     24.630086
180            N  -11.792  -16.670   12.405    ASP    0.523242     28.274334
181           CA  -10.716  -17.255   13.216    ASP    0.813096     40.715041
182            C   -9.820  -16.177   13.830    ASP    0.928134     40.715041
183            O   -9.167  -16.419   14.849    ASP    0.772423     24.630086
184           CB   -9.822  -18.176   12.382    ASP    0.857064     40.715041
185           CG  -10.431  -19.532   12.128    ASP    0.723957     40.715041
186          OD1  -11.656  -19.721   12.337    ASP    0.424468     24.630086
187          OD2   -9.668  -20.416   11.703    ASP    0.357792     24.630086
188            N   -9.752  -15.019   13.198   APHE    0.880436     28.274334
189            N   -9.818  -14.987   13.212   BPHE    0.877508     28.274334
190           CA   -8.821  -14.012   13.636   APHE    1.494290     40.715041
191           CA   -8.882  -13.892   13.513   BPHE    1.528621     40.715041
192            C   -9.649  -12.931   14.320   APHE    1.256384     40.715041
193            C   -9.569  -12.685   14.146   BPHE    1.324443     40.715041
194            O  -10.858  -12.833   14.076   APHE    0.798656     24.630086
195            O  -10.553  -12.152   13.623   BPHE    0.984839     24.630086
196           CB   -7.952  -13.584   12.442   APHE    1.570179     40.715041
197           CB   -8.200  -13.418   12.229   BPHE    1.586441     40.715041
198           CG   -7.257  -14.760   11.791   APHE    1.400332     40.715041
199           CG   -7.456  -14.492   11.505   BPHE    1.384673     40.715041
200      CD1APHE  -15.665   12.573    0.500      A    0.145755     40.715041
201      CD1BPHE  -14.624   11.657    0.500      A    0.007830     40.715041
202      CD2APHE  -15.008   10.434    0.500      A    0.000000     40.715041
203      CD2BPHE  -15.371   10.669    0.500      A    0.000000     40.715041
204      CE1APHE  -16.768   12.017    0.500      A    0.135516     40.715041
205      CE1BPHE  -15.614   10.990    0.500      A    0.010239     40.715041
206      CE2APHE  -16.113    9.867    0.500      A    0.000000     40.715041
207      CE2BPHE  -16.368    9.999    0.500      A    0.000000     40.715041
208           CZ   -6.039  -17.001   10.672   APHE    1.003421     40.715041
209           CZ   -6.077  -16.485   10.154   BPHE    1.066662     40.715041
210            N   -9.027  -12.218   15.256    ASP    0.935646     28.274334
211           CA   -9.663  -11.119   15.964    ASP    1.216031     40.715041
212            C   -8.841   -9.830   15.979    ASP    1.415390     40.715041
213            O   -9.246   -8.850   16.614    ASP    0.971722     24.630086
214           CB  -10.046  -11.551   17.396    ASP    1.104606     40.715041
215           CG   -8.849  -11.961   18.254    ASP    1.222656     40.715041
216          OD1   -7.711  -11.809   17.808    ASP    0.907961     24.630086
217          OD2   -9.057  -12.397   19.417    ASP    0.844200     24.630086
218            N   -7.693   -9.830   15.305    ALA    1.345959     28.274334
219           CA   -6.790   -8.691   15.348    ALA    2.036957     40.715041
220            C   -6.151   -8.457   14.001    ALA    1.977932     40.715041
221            O   -5.997   -9.383   13.207    ALA    1.277048     24.630086
222           CB   -5.689   -8.927   16.373    ALA    1.790016     40.715041
223            N   -5.753   -7.207   13.790    CYS    1.454288     28.274334
224           CA   -4.805   -6.849   12.730    CYS    1.899031     40.715041
225            C   -3.450   -6.623   13.378    CYS    1.821336     40.715041
226            O   -3.366   -5.910   14.383    CYS    1.211101     24.630086
227           CB   -5.199   -5.531   12.034    CYS    1.984557     40.715041
228           SG   -6.888   -5.412   11.345    CYS    2.254385     40.715041
229            N   -2.402   -7.204   12.795    LEU    1.540449     28.274334
230           CA   -1.030   -7.081   13.281    LEU    1.917703     40.715041
231            C   -0.201   -6.260   12.288    LEU    1.681001     40.715041
232            O   -0.274   -6.502   11.071    LEU    1.169565     24.630086
233           CB   -0.401   -8.484   13.373    LEU    1.935771     40.715041
234           CG    1.104   -8.544   13.627    LEU    1.986966     40.715041
235          CD1    1.466   -8.087   15.035    LEU    1.830370     40.715041
236          CD2    1.630   -9.941   13.355    LEU    1.665944     40.715041
237            N    0.602   -5.332   12.782    ILE    1.367708     28.274334
238           CA    1.732   -4.814   12.025    ILE    1.791823     40.715041
239            C    3.004   -5.040   12.844    ILE    1.557531     40.715041
240            O    3.016   -4.797   14.052    ILE    0.994312     24.630086
241           CB    1.561   -3.337   11.599    ILE    1.880360     40.715041
242          CG1    2.797   -2.879   10.804    ILE    1.867110     40.715041
243          CG2    1.217   -2.401   12.787    ILE    1.979136     40.715041
244          CD1    2.705   -1.525   10.191    ILE    1.774357     40.715041
245            N    4.055   -5.513   12.181    THR    1.285311     28.274334
246           CA    5.340   -5.732   12.815    THR    1.867110     40.715041
247            C    6.431   -5.119   11.942    THR    1.657512     40.715041
248            O    6.399   -5.276   10.727    THR    1.011072     24.630086
249           CB    5.636   -7.252   12.959    THR    1.838200     40.715041
250          OG1    4.645   -7.895   13.755    THR    1.172844     24.630086
251          CG2    6.957   -7.482   13.635    THR    1.670160     40.715041
252            N    7.371   -4.424   12.572    LYS    1.360598     28.274334
253           CA    8.557   -3.871   11.922    LYS    1.779175     40.715041
254            C    9.795   -4.577   12.448    LYS    1.593066     40.715041
255            O   10.052   -4.560   13.645    LYS    0.964800     24.630086
256           CB    8.668   -2.371   12.190    LYS    1.536451     40.715041
257           CG    7.584   -1.545   11.508    LYS    1.584634     40.715041
258           CD    7.684   -0.057   11.890    LYS    1.489472     40.715041
259           CE    6.766    0.816   11.041    LYS    1.276862     40.715041
260           NZ    6.913    2.261   11.398    LYS    0.938992     28.274334
261            N   10.549   -5.205   11.561    ALA    1.283220     28.274334
262           CA   11.780   -5.904   11.909    ALA    1.534644     40.715041
263            C   12.854   -5.374   10.954    ALA    1.092560     40.715041
264            O   12.968   -5.828    9.818    ALA    0.631419     24.630086
265           CB   11.595   -7.389   11.735    ALA    1.507541     40.715041
266            N   13.632   -4.393   11.397    GLY    0.770852     28.274334
267           CA   14.557   -3.726   10.473    GLY    0.822131     40.715041
268            C   13.771   -2.997    9.390    GLY    0.754674     40.715041
269            O   12.860   -2.228    9.709    GLY    0.666761     24.630086
270            N   14.094   -3.246    8.114    LEU    0.435408     28.274334
271           CA   13.329   -2.666    7.000    LEU    0.538450     40.715041
272            C   12.151   -3.530    6.587    LEU    0.602294     40.715041
273            O   11.356   -3.131    5.732    LEU    0.685343     24.630086
274           CB   14.221   -2.396    5.781    LEU    0.467982     40.715041
275           CG   15.279   -1.311    6.004    LEU    0.328250     40.715041
276          CD1   16.218   -1.224    4.814    LEU    0.301749     40.715041
277          CD2   14.646    0.056    6.311    LEU    0.221644     40.715041
278            N   12.052   -4.727    7.155    GLN    0.588073     28.274334
279           CA   10.950   -5.612    6.826    GLN    1.272646     40.715041
280            C    9.707   -5.214    7.605    GLN    1.523803     40.715041
281            O    9.748   -5.029    8.818    GLN    0.985203     24.630086
282           CB   11.319   -7.063    7.123    GLN    1.238315     40.715041
283           CG   12.283   -7.707    6.119    GLN    1.026308     40.715041
284           CD   13.636   -7.036    6.070    GLN    0.798641     40.715041
285          OE1   14.318   -6.911    7.085    GLN    0.574581     24.630086
286          NE2   14.032   -6.602    4.884    GLN    0.434153     28.274334
287            N    8.602   -5.063    6.894    VAL    1.252269     28.274334
288           CA    7.328   -4.758    7.522    VAL    1.635829     40.715041
289            C    6.334   -5.858    7.182    VAL    1.465982     40.715041
290            O    6.187   -6.222    6.011    VAL    1.070097     24.630086
291           CB    6.795   -3.374    7.099    VAL    1.569577     40.715041
292          CG1    5.536   -3.051    7.869    VAL    1.553315     40.715041
293          CG2    7.863   -2.284    7.298    VAL    1.326853     40.715041
294            N    5.665   -6.379    8.207    TYR    1.182838     28.274334
295           CA    4.676   -7.444    8.058    TYR    1.752072     40.715041
296            C    3.311   -6.918    8.469    TYR    1.572588     40.715041
297            O    3.199   -6.170    9.450    TYR    1.009251     24.630086
298           CB    5.024   -8.647    8.938    TYR    1.614749     40.715041
299           CG    6.400   -9.250    8.703    TYR    1.475619     40.715041
300          CD1    6.560  -10.416    7.950    TYR    1.264816     40.715041
301          CD2    7.548   -8.665    9.247    TYR    1.547894     40.715041
302          CE1    7.831  -10.973    7.739    TYR    1.173268     40.715041
303          CE2    8.819   -9.222    9.022    TYR    1.560542     40.715041
304           CZ    8.941  -10.372    8.283    TYR    1.295533     40.715041
305           OH   10.178  -10.938    8.053    TYR    0.769144     24.630086
306            N    2.278   -7.288    7.713    ASN    1.356833     28.274334
307           CA    0.899   -6.878    7.979    ASN    1.853257     40.715041
308            C    0.040   -8.113    7.811    ASN    1.579816     40.715041
309            O    0.035   -8.715    6.729    ASN    0.977916     24.630086
310           CB    0.454   -5.805    6.970    ASN    1.755686     40.715041
311           CG    1.306   -4.540    7.002    ASN    1.802664     40.715041
312          OD1    0.929   -3.514    7.603    ASN    1.305103     24.630086
313          ND2    2.441   -4.591    6.378    ASN    1.293258     28.274334
314            N   -0.682   -8.503    8.866    LYS    1.415390     28.274334
315           CA   -1.395   -9.786    8.863    LYS    1.639443     40.715041
316            C   -2.721   -9.707    9.600    LYS    1.687626     40.715041
317            O   -2.834   -9.022   10.618    LYS    1.240977     24.630086
318           CB   -0.582  -10.871    9.597    LYS    1.431652     40.715041
319           CG    0.852  -11.072    9.183    LYS    1.458755     40.715041
320           CD    0.946  -11.812    7.877    LYS    1.362990     40.715041
321           CE    2.412  -12.013    7.491    LYS    1.364195     40.715041
322           NZ    2.566  -12.735    6.211    LYS    0.900512     28.274334
323            N   -3.701  -10.508    9.183    CYS    1.242649     28.274334
324           CA   -4.771  -10.972   10.069    CYS    1.604510     40.715041
325            C   -4.150  -11.848   11.161    CYS    1.484051     40.715041
326            O   -3.315  -12.710   10.852    CYS    0.889015     24.630086
327           CB   -5.782  -11.818    9.287    CYS    1.378048     40.715041
328           SG   -6.666  -10.963    7.942    CYS    1.708707     40.715041
329            N   -4.556  -11.652   12.414    TRP    1.359343     28.274334
330           CA   -3.839  -12.298   13.526    TRP    1.709309     40.715041
331            C   -4.791  -12.536   14.675    TRP    1.637636     40.715041
332            O   -5.986  -12.266   14.583    TRP    1.070461     24.630086
333           CB   -2.658  -11.398   13.952    TRP    1.614147     40.715041
334           CG   -1.422  -12.058   14.511    TRP    1.549099     40.715041
335          CD1   -0.981  -11.999   15.794    TRP    1.506336     40.715041
336          CD2   -0.430  -12.790   13.773    TRP    1.331671     40.715041
337          NE1    0.224  -12.664   15.911    TRP    1.382347     28.274334
338          CE2    0.584  -13.151   14.683    TRP    1.665944     40.715041
339          CE3   -0.300  -13.157   12.432    TRP    0.993182     40.715041
340          CZ2    1.726  -13.852   14.285    TRP    1.522598     40.715041
341          CZ3    0.830  -13.873   12.041    TRP    1.137732     40.715041
342          CH2    1.826  -14.215   12.965    TRP    1.349137     40.715041
343            N   -4.254  -13.069   15.765    LYS    1.549233     28.274334
344           CA   -5.028  -13.243   16.993    LYS    2.117062     40.715041
345            C   -4.366  -12.486   18.121    LYS    1.777368     40.715041
346            O   -3.145  -12.568   18.292    LYS    1.077020     24.630086
347           CB   -5.127  -14.720   17.368    LYS    1.777368     40.715041
348           CG   -5.844  -15.547   16.320    LYS    1.656307     40.715041
349           CD   -6.081  -16.972   16.786    LYS    1.299147     40.715041
350           CE   -7.194  -17.045   17.827    LYS    1.108220     40.715041
351           NZ   -7.502  -18.457   18.185    LYS    0.394000     28.274334
352            N   -5.174  -11.800   18.936    PHE    1.270254     28.274334
353           CA   -4.638  -11.111   20.116    PHE    1.273851     40.715041
354            C   -3.878  -12.052   21.050    PHE    1.100390     40.715041
355            O   -2.888  -11.637   21.647    PHE    0.704289     24.630086
356           CB   -5.716  -10.356   20.890    PHE    0.974511     40.715041
357           CG   -6.054   -9.001   20.314    PHE    1.112436     40.715041
358          CD1   -5.176   -7.930   20.433    PHE    1.153994     40.715041
359          CD2   -7.267   -8.789   19.692    PHE    1.111834     40.715041
360          CE1   -5.515   -6.668   19.939    PHE    1.143153     40.715041
361          CE2   -7.596   -7.541   19.194    PHE    1.129300     40.715041
362           CZ   -6.714   -6.493   19.325    PHE    1.116652     40.715041
363            N   -4.284  -13.318   21.143    GLU    0.920171     28.274334
364           CA   -3.564  -14.256   22.011    GLU    1.001012     40.715041
365            C   -2.113  -14.475   21.542    GLU    1.074492     40.715041
366            O   -1.278  -14.944   22.320    GLU    0.764407     24.630086
367           CB   -4.318  -15.588   22.126    GLU    0.872723     40.715041
368           CG   -4.363  -16.415   20.878    GLU    0.707695     40.715041
369           CD   -5.111  -17.730   21.052    GLU    0.627590     40.715041
370          OE1   -5.503  -18.048   22.200    GLU    0.399328     24.630086
371          OE2   -5.309  -18.423   20.037    GLU    0.395685     24.630086
372            N   -1.810  -14.126   20.289    HIS    0.998385     28.274334
373           CA   -0.456  -14.231   19.763    HIS    1.705093     40.715041
374            C    0.155  -12.871   19.460    HIS    1.686422     40.715041
375            O    1.171  -12.789   18.768    HIS    1.427525     24.630086
376           CB   -0.418  -15.134   18.529    HIS    1.752674     40.715041
377           CG   -0.941  -16.505   18.807    HIS    1.359376     40.715041
378          ND1   -1.837  -17.141   17.978    HIS    1.070744     28.274334
379          CD2   -0.750  -17.331   19.864    HIS    0.978125     40.715041
380          CE1   -2.153  -18.314   18.497    HIS    0.954635     40.715041
381          NE2   -1.505  -18.456   19.639    HIS    0.696820     28.274334
382            N   -0.451  -11.801   19.970    CYS    1.110060     28.274334
383           CA    0.119  -10.477   19.831    CYS    1.534644     40.715041
384            C    1.027  -10.174   21.013    CYS    1.149778     40.715041
385            O    0.699   -9.391   21.894    CYS    0.684250     24.630086
386           CB   -0.999   -9.423   19.766   ACYS    1.514768     40.715041
387           CB   -0.949   -9.420   19.642   BCYS    1.549099     40.715041
388           SG   -1.912   -9.406   18.208   ACYS    1.908668     40.715041
389           SG   -0.177   -8.076   18.810   BCYS    1.679797     40.715041
390            N    2.188  -10.817   21.016    ASN    1.066561     28.274334
391           CA    3.182  -10.663   22.087    ASN    1.188325     40.715041
392            C    4.527  -10.974   21.423    ASN    1.272646     40.715041
393            O    4.574  -11.641   20.387    ASN    1.068640     24.630086
394           CB    2.875  -11.548   23.356    ASN    1.185916     40.715041
395           CG    2.822  -13.019   22.997    ASN    1.142551     40.715041
396          OD1    3.858  -13.646   22.757    ASN    0.745825     24.630086
397          ND2    1.608  -13.551   22.858    ASN    0.822716     28.274334
398            N    5.613  -10.488   22.009    PHE    0.938992     28.274334
399           CA    6.915  -10.560   21.378    PHE    1.382866     40.715041
400            C    7.311  -11.988   21.046    PHE    1.344319     40.715041
401            O    7.727  -12.274   19.918    PHE    0.965529     24.630086
402           CB    7.979   -9.900   22.276    PHE    0.891394     40.715041
403           CG    9.336   -9.824   21.642    PHE    0.817915     40.715041
404          CD1    9.712   -8.706   20.907    PHE    0.949215     40.715041
405          CD2   10.243  -10.868   21.773    PHE    0.666739     40.715041
406          CE1   10.967   -8.624   20.345    PHE    0.955237     40.715041
407          CE2   11.505  -10.794   21.182    PHE    0.785993     40.715041
408           CZ   11.851   -9.659   20.460    PHE    0.992580     40.715041
409            N    7.204  -12.887   22.014    ASN    0.897166     28.274334
410           CA    7.605  -14.257   21.771    ASN    1.191337     40.715041
411            C    6.834  -14.918   20.634    ASN    1.210610     40.715041
412            O    7.424  -15.574   19.764    ASN    0.847843     24.630086
413           CB    7.497  -15.077   23.058    ASN    0.917293     40.715041
414           CG    8.065  -16.462   22.906    ASN    0.728173     40.715041
415          OD1    9.241  -16.633   22.603    ASN    0.449608     24.630086
416          ND2    7.220  -17.464   23.089    ASN    0.435408     28.274334
417            N    5.520  -14.772   20.642    ASP    1.105041     28.274334
418           CA    4.712  -15.428   19.628    ASP    1.967693     40.715041
419            C    4.914  -14.841   18.229    ASP    1.988171     40.715041
420            O    4.890  -15.570   17.238    ASP    1.195798     24.630086
421           CB    3.232  -15.413   20.028    ASP    1.727378     40.715041
422           CG    2.922  -16.340   21.208    ASP    1.396719     40.715041
423          OD1    3.778  -17.183   21.579    ASP    0.844564     24.630086
424          OD2    1.811  -16.221   21.765    ASP    0.870069     24.630086
425            N    5.150  -13.533   18.146    VAL    1.588131     28.274334
426           CA    5.394  -12.905   16.843    VAL    2.186928     40.715041
427            C    6.779  -13.328   16.317    VAL    1.770743     40.715041
428            O    6.911  -13.691   15.151    VAL    1.222760     24.630086
429           CB    5.208  -11.367   16.896    VAL    2.119471     40.715041
430          CG1    5.635  -10.722   15.588    VAL    1.640648     40.715041
431          CG2    3.757  -11.006   17.209    VAL    2.108027     40.715041
432            N    7.810  -13.303   17.160    THR    1.293258     28.274334
433           CA    9.143  -13.702   16.696    THR    1.827961     40.715041
434            C    9.191  -15.156   16.211    THR    1.359376     40.715041
435            O    9.841  -15.443   15.208    THR    0.871162     24.630086
436           CB   10.250  -13.476   17.733    THR    1.821938     40.715041
437          OG1    9.928  -14.171   18.932    THR    1.058074     24.630086
438          CG2   10.469  -11.976   18.020    THR    1.536451     40.715041
439            N    8.499  -16.070   16.892   ATHR    0.985837     28.274334
440            N    8.510  -16.042   16.920   BTHR    0.987929     28.274334
441           CA    8.549  -17.491   16.484   ATHR    1.175677     40.715041
442           CA    8.512  -17.448   16.552   BTHR    1.178086     40.715041
443            C    7.733  -17.784   15.230   ATHR    1.075696     40.715041
444            C    7.845  -17.628   15.178   BTHR    1.073889     40.715041
445            O    8.028  -18.723   14.480   ATHR    0.682064     24.630086
446            O    8.392  -18.280   14.276   BTHR    0.681700     24.630086
447           CB    8.102  -18.473   17.592   ATHR    1.167847     40.715041
448           CB    7.814  -18.297   17.635   BTHR    1.233497     40.715041
449      OG1ATHR  -18.371   17.818    0.500      A    0.034978     24.630086
450      OG1BTHR  -18.123   18.889    0.500      A    0.004008     24.630086
451      CG2ATHR  -18.228   18.879    0.500      A    0.004818     40.715041
452      CG2BTHR  -19.748   17.273    0.500      A    0.046377     40.715041
453            N    6.680  -17.006   15.024    ARG    0.889219     28.274334
454           CA    5.845  -17.184   13.839    ARG    1.231088     40.715041
455            C    6.426  -16.548   12.592    ARG    1.255782     40.715041
456            O    6.377  -17.137   11.510    ARG    0.804121     24.630086
457           CB    4.417  -16.709   14.127    ARG    1.288306     40.715041
458           CG    3.678  -17.500   15.142   AARG    1.271442     40.715041
459           CG    3.712  -17.775   15.001   BARG    1.146165     40.715041
460           CD    2.351  -16.836   15.546   AARG    1.408162     40.715041
461           CD    2.533  -17.344   15.899   BARG    1.424424     40.715041
462           NE    1.530  -17.836   16.212   AARG    0.805149     28.274334
463           NE    2.451  -18.259   17.052   BARG    0.898003     28.274334
464           CZ    1.864  -18.395   17.372   AARG    0.829358     40.715041
465           CZ    1.421  -19.037   17.384   BARG    0.630601     40.715041
466      NH1AARG  -19.337   17.888    0.500      A    0.020913     28.274334
467      NH1BARG  -19.834   18.436    0.500      A    0.000000     28.274334
468      NH2AARG  -18.018   18.014    0.500      A    0.038062     28.274334
469      NH2BARG  -19.025   16.704    0.500      A    0.081561     28.274334
470            N    6.987  -15.348   12.730    LEU    1.046067     28.274334
471           CA    7.573  -14.643   11.595    LEU    1.506336     40.715041
472            C    9.057  -14.955   11.409    LEU    1.373831     40.715041
473            O    9.649  -14.540   10.407    LEU    0.877356     24.630086
474           CB    7.361  -13.134   11.732    LEU    1.636431     40.715041
475           CG    5.917  -12.665   11.863    LEU    1.637636     40.715041
476          CD1    5.821  -11.150   11.967    LEU    1.562952     40.715041
477          CD2    5.054  -13.203   10.735    LEU    1.221451     40.715041
478            N    9.648  -15.676   12.358    ARG    0.933973     28.274334
479           CA   11.062  -16.074   12.319    ARG    1.162426     40.715041
480            C   11.998  -14.856   12.163    ARG    1.038956     40.715041
481            O   12.923  -14.833   11.334    ARG    0.525758     24.630086
482           CB   11.305  -17.180   11.282    ARG    0.829358     40.715041
483           CG   10.468  -18.455   11.556    ARG    0.703479     40.715041
484           CD   10.740  -19.557   10.523    ARG    0.575793     40.715041
485           NE   10.396  -19.118    9.176    ARG    0.356357     28.274334
486           CZ    9.199  -19.252    8.614    ARG    0.434254     40.715041
487          NH1    8.207  -19.843    9.273    ARG    0.384380     28.274334
488          NH2    8.998  -18.808    7.379    ARG    0.251374     28.274334
489            N   11.735  -13.849   12.994    GLU    0.963670     28.274334
490           CA   12.543  -12.636   13.127    GLU    1.176882     40.715041
491            C   12.973  -12.510   14.580    GLU    1.090754     40.715041
492            O   12.134  -12.669   15.467    GLU    0.968079     24.630086
493           CB   11.698  -11.410   12.766    GLU    1.443095     40.715041
494           CG   11.392  -11.267   11.295    GLU    1.133516     40.715041
495           CD   12.517  -10.580   10.518    GLU    1.099788     40.715041
496          OE1   13.645  -10.476   11.044    GLU    0.736352     24.630086
497          OE2   12.265  -10.124    9.380    GLU    0.730523     24.630086
498            N   14.253  -12.194   14.819    ASN    0.644119     28.274334
499           CA   14.848  -12.066   16.157    ASN    0.755276     40.715041
500            C   14.459  -10.795   16.880    ASN    0.861280     40.715041
501            O   14.259  -10.803   18.102    ASN    0.640528     24.630086
502           CB   16.379  -12.017   16.048    ASN    0.424015     40.715041
503           CG   17.003  -13.348   15.685    ASN    0.345114     40.715041
504          OD1   16.436  -14.424   15.926    ASN    0.275085     24.630086
505          ND2   18.205  -13.280   15.117    ASN    0.230461     28.274334
506            N   14.455   -9.692   16.136    GLU    0.762487     28.274334
507           CA   14.301   -8.360   16.706    GLU    0.922714     40.715041
508            C   13.199   -7.640   15.964    GLU    1.131709     40.715041
509            O   13.215   -7.575   14.729    GLU    0.887558     24.630086
510           CB   15.599   -7.542   16.582    GLU    0.557121     40.715041
511           CG   15.483   -6.159   17.237    GLU    0.445095     40.715041
512           CD   16.746   -5.319   17.160    GLU    0.303556     40.715041
513          OE1   17.239   -5.065   16.037    GLU    0.203672     24.630086
514          OE2   17.245   -4.894   18.221    GLU    0.145011     24.630086
515            N   12.252   -7.092   16.714    LEU    0.866633     28.274334
516           CA   11.104   -6.460   16.089    LEU    1.175677     40.715041
517            C   10.329   -5.640   17.091    LEU    0.990773     40.715041
518            O   10.535   -5.769   18.303    LEU    0.674777     24.630086
519           CB   10.197   -7.534   15.466    LEU    1.493086     40.715041
520           CG    9.633   -8.617   16.393    LEU    1.857473     40.715041
521          CD1    8.410   -8.148   17.146    LEU    1.709911     40.715041
522          CD2    9.313   -9.871   15.596    LEU    2.020092     40.715041
523            N    9.436   -4.790   16.587    THR    0.905113     28.274334
524           CA    8.370   -4.192   17.380    THR    1.199166     40.715041
525            C    7.052   -4.546   16.696    THR    1.197962     40.715041
526            O    7.034   -4.850   15.499    THR    0.901403     24.630086
527           CB    8.525   -2.657   17.534    THR    1.137732     40.715041
528          OG1    8.590   -2.019   16.249    THR    0.877356     24.630086
529          CG2    9.769   -2.319   18.355    THR    0.789607     40.715041
530            N    5.965   -4.521   17.462    TYR    0.944430     28.274334
531           CA    4.669   -4.943   16.911    TYR    1.353354     40.715041
532            C    3.534   -4.136   17.540    TYR    1.162426     40.715041
533            O    3.678   -3.554   18.621    TYR    0.679149     24.630086
534           CB    4.427   -6.460   17.111    TYR    1.499711     40.715041
535           CG    4.168   -6.755   18.575    TYR    1.543076     40.715041
536          CD1    2.868   -6.768   19.085    TYR    1.229281     40.715041
537          CD2    5.217   -6.931   19.462    TYR    1.368411     40.715041
538          CE1    2.622   -6.955   20.439    TYR    1.020285     40.715041
539          CE2    4.974   -7.115   20.816    TYR    1.079310     40.715041
540           CZ    3.677   -7.124   21.293    TYR    0.925123     40.715041
541           OH    3.433   -7.308   22.638    TYR    0.514827     24.630086
542            N    2.404   -4.114   16.830    TYR    1.119262     28.274334
543           CA    1.176   -3.470   17.264    TYR    1.366002     40.715041
544            C   -0.011   -4.274   16.745    TYR    1.391900     40.715041
545            O   -0.031   -4.671   15.571    TYR    1.095602     24.630086
546           CB    1.134   -2.037   16.729    TYR    1.347933     40.715041
547           CG   -0.132   -1.265   17.032    TYR    1.206394     40.715041
548          CD1   -0.352   -0.697   18.281    TYR    0.926930     40.715041
549          CD2   -1.117   -1.109   16.054    TYR    1.326250     40.715041
550          CE1   -1.520    0.008   18.533    TYR    0.829358     40.715041
551          CE2   -2.272   -0.409   16.307    TYR    1.028717     40.715041
552           CZ   -2.465    0.148   17.537    TYR    0.807676     40.715041
553           OH   -3.629    0.843   17.783    TYR    0.516285     24.630086
554            N   -0.994   -4.493   17.619    CYS    1.076600     28.274334
555           CA   -2.249   -5.102   17.219    CYS    1.535848     40.715041
556            C   -3.424   -4.219   17.561    CYS    1.195553     40.715041
557            O   -3.406   -3.499   18.555    CYS    0.660203     24.630086
558           CB   -2.453   -6.463   17.858    CYS    1.610533     40.715041
559           SG   -1.314   -7.714   17.241    CYS    1.918907     40.715041
560            N   -4.481   -4.346   16.779    CYS    1.140593     28.274334
561           CA   -5.660   -3.515   16.904    CYS    1.417197     40.715041
562            C   -6.854   -4.207   16.253    CYS    1.395514     40.715041
563            O   -6.694   -5.225   15.594    CYS    0.981560     24.630086
564           CB   -5.382   -2.157   16.260    CYS    1.391298     40.715041
565           SG   -4.735   -2.280   14.567    CYS    1.580418     40.715041
566            N   -8.055   -3.680   16.462    LYS    1.049831     28.274334
567           CA   -9.254   -4.371   15.953    LYS    1.282283     40.715041
568            C  -10.265   -3.417   15.308    LYS    0.875735     40.715041
569            O  -11.478   -3.605   15.406    LYS    0.523936     24.630086
570           CB   -9.921   -5.221   17.026    LYS    1.071480     40.715041
571           CG  -10.211   -4.440   18.270    LYS    0.741423     40.715041
572           CD  -10.914   -5.298   19.283    LYS    0.593259     40.715041
573           CE  -11.994   -6.103   18.624    LYS    0.599282     40.715041
574           NZ  -12.296   -7.309   19.427    LYS    0.415750     28.274334
575            N   -9.746   -2.383   14.651    LYS    0.769597     28.274334
576           CA  -10.543   -1.496   13.807    LYS    0.979329     40.715041
577            C  -10.091   -1.634   12.355    LYS    1.205189     40.715041
578            O   -8.943   -1.978   12.092    LYS    1.069733     24.630086
579           CB  -10.409   -0.062   14.298    LYS    0.737810     40.715041
580           CG  -11.077    0.131   15.642    LYS    0.503517     40.715041
581           CD  -12.547   -0.267   15.551    LYS    0.388479     40.715041
582           CE  -13.206   -0.447   16.914    LYS    0.372820     40.715041
583           NZ  -13.023   -1.813   17.496    LYS    0.327079     28.274334
584            N  -10.988   -1.384   11.410    ASP    0.910969     28.274334
585           CA  -10.675   -1.661   10.017    ASP    1.300352     40.715041
586            C   -9.414   -0.938    9.548    ASP    1.172665     40.715041
587            O   -9.260    0.287    9.730    ASP    0.623768     24.630086
588           CB  -11.845   -1.299    9.105    ASP    1.150381     40.715041
589           CG  -12.908   -2.399    9.021    ASP    1.138937     40.715041
590          OD1  -12.822   -3.444    9.708    ASP    0.858774     24.630086
591          OD2  -13.865   -2.204    8.240    ASP    0.751655     24.630086
592            N   -8.528   -1.713    8.935    LEU    1.197058     28.274334
593           CA   -7.311   -1.174    8.326    LEU    1.652693     40.715041
594            C   -6.429   -0.416    9.324    LEU    1.552713     40.715041
595            O   -5.689    0.506    8.959    LEU    0.944761     24.630086
596           CB   -7.630   -0.326    7.093    LEU    1.294931     40.715041
597           CG   -8.429   -1.109    6.042    LEU    1.459959     40.715041
598          CD1   -8.675   -0.234    4.823    LEU    1.114243     40.715041
599          CD2   -7.725   -2.413    5.631    LEU    1.505131     40.715041
600            N   -6.447   -0.864   10.579    CYS    1.178655     28.274334
601           CA   -5.748   -0.160   11.635    CYS    1.409969     40.715041
602            C   -4.279   -0.527   11.747    CYS    1.431049     40.715041
603            O   -3.530    0.157   12.451    CYS    0.925814     24.630086
604           CB   -6.453   -0.401   12.969    CYS    1.465982     40.715041
605           SG   -6.439   -2.151   13.489    CYS    1.571384     40.715041
606            N   -3.859   -1.595   11.069    ASN    1.306224     28.274334
607           CA   -2.468   -2.051   11.139    ASN    1.882769     40.715041
608            C   -1.587   -1.376   10.088    ASN    1.568975     40.715041
609            O   -1.070   -2.022    9.168    ASN    1.085035     24.630086
610           CB   -2.367   -3.584   11.061    ASN    1.965886     40.715041
611           CG   -2.946   -4.195    9.779    ASN    2.017081     40.715041
612          OD1   -3.915   -3.699    9.184    ASN    1.403842     24.630086
613          ND2   -2.393   -5.343    9.412    ASN    1.450942     28.274334
614            N   -1.448   -0.060   10.219    PHE    1.158578     28.274334
615           CA   -0.688    0.765    9.286    PHE    1.457550     40.715041
616            C    0.623    1.230    9.901    PHE    1.350342     40.715041
617            O    0.788    1.257   11.116    PHE    1.026011     24.630086
618           CB   -1.527    1.956    8.769    PHE    1.297942     40.715041
619           CG   -2.088    2.846    9.856    PHE    1.198564     40.715041
620          CD1   -3.366    2.646   10.344    PHE    0.976920     40.715041
621          CD2   -1.358    3.930   10.335    PHE    0.914282     40.715041
622          CE1   -3.894    3.479   11.333    PHE    0.843211     40.715041
623          CE2   -1.888    4.763   11.315    PHE    0.892599     40.715041
624           CZ   -3.153    4.534   11.818    PHE    0.917895     40.715041
625            N    1.537    1.651    9.033    ASN    0.956141     28.274334
626           CA    2.931    1.933    9.374    ASN    1.191939     40.715041
627            C    3.093    2.878   10.555    ASN    1.044979     40.715041
628            O    3.867    2.627   11.487    ASN    0.772423     24.630086
629           CB    3.637    2.520    8.137    ASN    0.881758     40.715041
630           CG    5.130    2.569    8.300    ASN    0.849234     40.715041
631          OD1    5.649    3.379    9.057    ASN    0.528308     24.630086
632          ND2    5.831    1.693    7.589    ASN    0.662105     28.274334
633            N    2.333    3.964   10.518    GLU    0.713550     28.274334
634           CA    2.477    5.055   11.458    GLU    0.950419     40.715041
635            C    2.017    4.706   12.872    GLU    1.037752     40.715041
636            O    2.249    5.499   13.785    GLU    0.680971     24.630086
637           CB    1.733    6.292   10.956    GLU    0.791414     40.715041
638           CG    2.347    6.915    9.699    GLU    0.593861     40.715041
639           CD    1.933    6.292    8.370    GLU    0.669750     40.715041
640          OE1    1.135    5.320    8.306    GLU    0.526851     24.630086
641          OE2    2.412    6.821    7.338    GLU    0.370909     24.630086
642            N    1.415    3.530   13.085    GLN    0.922262     28.274334
643           CA    1.069    3.057   14.420    GLN    1.286499     40.715041
644            C    2.299    2.700   15.249    GLN    1.091958     40.715041
645            O    2.213    2.616   16.475    GLN    0.766958     24.630086
646           CB    0.199    1.802   14.333    GLN    1.517177     40.715041
647           CG   -1.164    1.986   13.688    GLN    1.335285     40.715041
648           CD   -2.176    2.665   14.605    GLN    1.089549     40.715041
649          OE1   -1.830    3.555   15.390    GLN    0.642350     24.630086
650          NE2   -3.440    2.303   14.462    GLN    0.837774     28.274334
651            N    3.416    2.427   14.583    LEU    0.864960     28.274334
652           CA    4.598    1.885   15.260    LEU    1.116652     40.715041
653            C    5.754    2.827   15.135    LEU    0.911872     40.715041
654            O    6.312    2.982   14.041    LEU    0.789547     24.630086
655           CB    5.032    0.557   14.631    LEU    1.670160     40.715041
656           CG    4.630   -0.756   15.295    LEU    1.835188     40.715041
657          CD1    5.222   -1.971   14.584    LEU    1.699070     40.715041
658          CD2    5.013   -0.804   16.762    LEU    1.351547     40.715041
659            N    6.137    3.436   16.259    GLU    0.650393     28.274334
660           CA    7.221    4.408   16.248    GLU    0.672160     40.715041
661            C    8.513    3.705   15.859    GLU    0.649272     40.715041
662            O    9.279    4.198   15.031    GLU    0.351598     24.630086
663           CB    7.372    5.079   17.617    GLU    0.386672     40.715041
664           CG    6.157    5.870   18.083    GLU    0.416787     40.715041
665           CD    6.319    6.415   19.492    GLU    0.254168     40.715041
666          OE1    7.413    6.242   20.072    GLU    0.165051     24.630086
667          OE2    5.354    7.012   20.023    GLU    0.112220     24.630086
668            N    8.747    2.542   16.460    ASN    0.555867     28.274334
669           CA    9.914    1.742   16.121    ASN    0.636022     40.715041
670            C   11.206    2.530   16.336    ASN    0.400525     40.715041
671            O   11.958    2.787   15.399    ASN    0.193470     24.630086
672           CB    9.810    1.261   14.671    ASN    0.752265     40.715041
673           CG   10.848    0.216   14.323    ASN    0.928134     40.715041
674          OD1   11.154   -0.672   15.124    ASN    0.687894     24.630086
675          ND2   11.389    0.308   13.111    ASN    0.681763     28.274334
None
